0
11
22
33
44
54
65
76
87
98
109
120
131
142
153
164
175
186
197
208
219
230
241
252
263
273
284
294
305
316
327
338
348
359
370
380
391
402
413
424
435
446
456
467
478
489
500
510
521
531
541
552
563
574
585
596
607
618
629
640
651
662
673
684
695
706
717
728
739
750
761
772
783
794
805
816
827
838
848
859
870
881
891
902
913
924
935
946
957
967
978
989
1000
1011
1022
1033
1044
1055
1066
1077
1088
1099
1110
1119
1130
1141
1152
1163
1174
1184
1195
1206
1217
1227
1238
1249
1260
1271
1282
1293
1304
1315
1326
1337
1348
1359
1370
1381
1392
1403
1414
1425
1436
1447
1457
1468
1479
1489
1500
1511
1522
1533
1544
1555
1566
1577
1588
1599
1609
1620
1631
1642
1653
1664
1675
1686
1697
1708
1719
1730
1741
1752
1763
1774
1785
1796
1807
1818
1828
1839
1850
1861
1872
1883
1894
1905
1916
1927
1938
1949
1960
1971
1982
1993
2004
2015
2026
2037
2047
2058
2069
2080
2091
2102
2113
2124
2135
2146
2157
2168
2179
2190
2201
2212
2223
2234
2245
2256
2267
2278
2289
2300
2311
2322
2333
